1000 1 4.136012
1000 2 2.155307
1000 4 1.965885
1000 8 1.818744
2000 1 41.310780
2000 2 16.995738
2000 4 14.838214
2000 8 13.980726
3000 1 102.986203
3000 2 84.960228
3000 4 70.271995
3000 8 55.306062
4000 1 234.505377
4000 2 134.639801
4000 4 125.550299
4000 8 121.069635
5000 1 451.236931
5000 2 296.094489
5000 4 271.690351
5000 8 247.584367
6000 1 680.579644
6000 2 458.591215
6000 4 399.717377
6000 8 390.555731
7000 1 1156.631436
7000 2 729.579152
7000 4 585.154003
7000 8 648.880264
8000 1 1732.031252
8000 2 994.620791
8000 4 881.985651
8000 8 637.793272