1000 1 4.13601
1000 2 2.53385
1000 3 1.62160
1000 4 1.26057
2000 1 41.31078
2000 2 20.95000
2000 3 16.23040
2000 4 13.81040
3000 1 102.98620
3000 2 73.04490
3000 3 51.84960
3000 4 48.64220
4000 1 234.50538
4000 2 165.79700
4000 3 129.78000
4000 4 127.72500
5000 1 451.23693
5000 2 352.94100
5000 3 268.26700
5000 4 267.86200
6000 1 680.57964
6000 2 636.01500
6000 3 462.97500
6000 4 453.62300
7000 1 1156.63144
7000 2 1015.23000
7000 3 741.66700
7000 4 718.73400
8000 1 1732.03125
8000 2 1544.57000
8000 3 1055.81000
8000 4 1033.80000
