1000 1 4.13601
1000 2 2.15531
1000 4 1.96589
1000 8 1.81874
2000 1 41.31078
2000 2 16.99574
2000 4 14.83821
2000 8 13.98073
3000 1 102.98620
3000 2 84.96023
3000 4 70.27200
3000 8 55.30606
4000 1 234.50538
4000 2 134.63980
4000 4 125.55030
4000 8 121.06964
5000 1 451.23693
5000 2 296.09449
5000 4 271.69035
5000 8 247.58437
6000 1 680.57964
6000 2 458.59121
6000 4 399.71738
6000 8 390.55573
7000 1 1156.63144
7000 2 729.57915
7000 4 585.15400
7000 8 648.88026
8000 1 1732.03125
8000 2 994.62079
8000 4 881.98565
8000 8 637.79327
